starttime = 0.000000000000000
pitch = 0.000000000000000
Vpitch = 0.000000000000000
roll = 0.000000000000000
Vroll = 0.000000000000000
yaw = 0.000000000000000
Vyaw = 0.000000000000000