-0.621483 -0.783427 0.000791 0.783426 -0.621484 -0.001042 0.001308 -0.000028 0.999999 
-0.621483 -0.783427 0.000791 0.783427 -0.621484 -0.001042 0.001308 -0.000028 0.999999 
-0.621483 -0.783427 0.000791 0.783427 -0.621484 -0.001042 0.001308 -0.000028 0.999999 
-0.621483 -0.783427 0.000791 0.783427 -0.621484 -0.001042 0.001308 -0.000028 0.999999 
-0.621483 -0.783427 0.000791 0.783427 -0.621483 -0.001042 0.001308 -0.000028 0.999999 
-0.621483 -0.783427 0.000791 0.783427 -0.621483 -0.001042 0.001308 -0.000028 0.999999 
-0.621483 -0.783427 0.000791 0.783427 -0.621483 -0.001042 0.001308 -0.000028 0.999999 
-0.621483 -0.783427 0.000791 0.783427 -0.621483 -0.001042 0.001308 -0.000028 0.999999 
-0.621483 -0.783427 0.000791 0.783427 -0.621483 -0.001042 0.001308 -0.000028 0.999999 
-0.621483 -0.783427 0.000791 0.783427 -0.621483 -0.001042 0.001308 -0.000028 0.999999 
-0.621483 -0.783427 0.000791 0.783427 -0.621483 -0.001042 0.001308 -0.000028 0.999999 
-0.621483 -0.783427 0.000791 0.783427 -0.621483 -0.001042 0.001308 -0.000028 0.999999 
-0.621483 -0.783427 0.000791 0.783427 -0.621483 -0.001042 0.001308 -0.000028 0.999999 
-0.621483 -0.783427 0.000791 0.783427 -0.621483 -0.001042 0.001308 -0.000028 0.999999 
-0.621483 -0.783427 0.000791 0.783427 -0.621483 -0.001042 0.001308 -0.000028 0.999999 
-0.621483 -0.783427 0.000791 0.783427 -0.621483 -0.001042 0.001308 -0.000028 0.999999 
-0.621483 -0.783427 0.000791 0.783427 -0.621483 -0.001042 0.001308 -0.000028 0.999999 
-0.621483 -0.783427 0.000791 0.783427 -0.621483 -0.001042 0.001308 -0.000028 0.999999 
-0.621483 -0.783427 0.000791 0.783427 -0.621483 -0.001042 0.001308 -0.000028 0.999999 
-0.621483 -0.783428 0.000791 0.783427 -0.621483 -0.001042 0.001308 -0.000028 0.999999 
-0.621483 -0.783428 0.000791 0.783427 -0.621483 -0.001042 0.001308 -0.000028 0.999999 
-0.621483 -0.783428 0.000791 0.783427 -0.621483 -0.001042 0.001308 -0.000028 0.999999 
-0.621483 -0.783428 0.000791 0.783427 -0.621483 -0.001042 0.001308 -0.000028 0.999999 
-0.621483 -0.783428 0.000791 0.783427 -0.621483 -0.001042 0.001308 -0.000028 0.999999 
-0.621483 -0.783428 0.000791 0.783427 -0.621483 -0.001042 0.001308 -0.000028 0.999999 
-0.621483 -0.783428 0.000791 0.783427 -0.621483 -0.001042 0.001308 -0.000028 0.999999 
-0.621483 -0.783428 0.000791 0.783427 -0.621483 -0.001042 0.001308 -0.000028 0.999999 
-0.621482 -0.783428 0.000791 0.783427 -0.621483 -0.001042 0.001308 -0.000028 0.999999 
-0.621482 -0.783428 0.000791 0.783427 -0.621483 -0.001042 0.001308 -0.000028 0.999999 
-0.621482 -0.783428 0.000791 0.783427 -0.621483 -0.001042 0.001308 -0.000028 0.999999 
-0.621482 -0.783428 0.000791 0.783427 -0.621483 -0.001042 0.001308 -0.000028 0.999999 
-0.621482 -0.783428 0.000791 0.783427 -0.621483 -0.001042 0.001308 -0.000028 0.999999 
-0.621482 -0.783428 0.000791 0.783427 -0.621483 -0.001042 0.001308 -0.000028 0.999999 
-0.621482 -0.783428 0.000791 0.783427 -0.621483 -0.001042 0.001308 -0.000028 0.999999 
-0.621482 -0.783428 0.000791 0.783427 -0.621483 -0.001042 0.001308 -0.000028 0.999999 
-0.621482 -0.783428 0.000791 0.783427 -0.621483 -0.001042 0.001308 -0.000028 0.999999 
-0.621482 -0.783428 0.000791 0.783427 -0.621483 -0.001042 0.001308 -0.000028 0.999999 
-0.621482 -0.783428 0.000791 0.783427 -0.621483 -0.001042 0.001308 -0.000028 0.999999 
-0.621482 -0.783428 0.000791 0.783427 -0.621483 -0.001042 0.001308 -0.000028 0.999999 
-0.621482 -0.783428 0.000791 0.783427 -0.621483 -0.001042 0.001308 -0.000028 0.999999 
-0.621482 -0.783428 0.000791 0.783427 -0.621483 -0.001042 0.001308 -0.000028 0.999999 
-0.621482 -0.783428 0.000791 0.783427 -0.621483 -0.001042 0.001308 -0.000028 0.999999 
-0.621482 -0.783428 0.000791 0.783427 -0.621483 -0.001042 0.001308 -0.000028 0.999999 
-0.621482 -0.783428 0.000791 0.783427 -0.621483 -0.001042 0.001308 -0.000028 0.999999 
-0.621482 -0.783428 0.000791 0.783427 -0.621483 -0.001042 0.001308 -0.000028 0.999999 
-0.621482 -0.783428 0.000791 0.783427 -0.621483 -0.001042 0.001308 -0.000028 0.999999 
-0.621482 -0.783428 0.000791 0.783427 -0.621483 -0.001042 0.001308 -0.000028 0.999999 
-0.621482 -0.783428 0.000791 0.783427 -0.621483 -0.001042 0.001308 -0.000028 0.999999 
-0.621482 -0.783428 0.000791 0.783427 -0.621483 -0.001042 0.001308 -0.000028 0.999999 
-0.621482 -0.783428 0.000791 0.783427 -0.621483 -0.001042 0.001308 -0.000028 0.999999 
-0.621482 -0.783428 0.000791 0.783427 -0.621483 -0.001042 0.001308 -0.000028 0.999999 
-0.621482 -0.783428 0.000791 0.783427 -0.621482 -0.001042 0.001308 -0.000028 0.999999 
-0.621482 -0.783428 0.000791 0.783427 -0.621482 -0.001042 0.001308 -0.000028 0.999999 
-0.621482 -0.783428 0.000791 0.783427 -0.621482 -0.001042 0.001308 -0.000028 0.999999 
-0.621482 -0.783428 0.000791 0.783427 -0.621482 -0.001042 0.001308 -0.000028 0.999999 
-0.621482 -0.783428 0.000791 0.783427 -0.621482 -0.001042 0.001308 -0.000028 0.999999 
-0.621482 -0.783428 0.000791 0.783427 -0.621482 -0.001042 0.001308 -0.000028 0.999999 
-0.621482 -0.783428 0.000791 0.783427 -0.621482 -0.001042 0.001308 -0.000028 0.999999 
-0.621482 -0.783428 0.000791 0.783427 -0.621482 -0.001042 0.001308 -0.000028 0.999999 
-0.621482 -0.783428 0.000791 0.783427 -0.621482 -0.001042 0.001308 -0.000028 0.999999 
-0.621482 -0.783428 0.000791 0.783428 -0.621482 -0.001042 0.001308 -0.000028 0.999999 
-0.621482 -0.783428 0.000791 0.783428 -0.621482 -0.001042 0.001308 -0.000028 0.999999 
-0.621482 -0.783428 0.000791 0.783428 -0.621482 -0.001042 0.001308 -0.000028 0.999999 
-0.621482 -0.783428 0.000791 0.783428 -0.621482 -0.001042 0.001308 -0.000028 0.999999 
-0.621482 -0.783428 0.000791 0.783428 -0.621482 -0.001042 0.001308 -0.000028 0.999999 
-0.621482 -0.783428 0.000791 0.783428 -0.621482 -0.001042 0.001308 -0.000028 0.999999 
-0.621482 -0.783428 0.000791 0.783428 -0.621482 -0.001042 0.001308 -0.000028 0.999999 
-0.621482 -0.783428 0.000791 0.783428 -0.621482 -0.001042 0.001308 -0.000028 0.999999 
-0.621482 -0.783428 0.000791 0.783428 -0.621482 -0.001042 0.001308 -0.000028 0.999999 
-0.621482 -0.783428 0.000791 0.783428 -0.621482 -0.001042 0.001308 -0.000028 0.999999 
-0.621482 -0.783428 0.000791 0.783428 -0.621482 -0.001042 0.001308 -0.000028 0.999999 
-0.621482 -0.783428 0.000791 0.783428 -0.621482 -0.001042 0.001308 -0.000028 0.999999 
-0.621482 -0.783428 0.000791 0.783428 -0.621482 -0.001042 0.001308 -0.000028 0.999999 
-0.621482 -0.783428 0.000791 0.783428 -0.621482 -0.001042 0.001308 -0.000028 0.999999 
-0.621482 -0.783428 0.000791 0.783428 -0.621482 -0.001042 0.001308 -0.000028 0.999999 
-0.621481 -0.783428 0.000791 0.783428 -0.621482 -0.001042 0.001308 -0.000028 0.999999 
-0.621481 -0.783428 0.000791 0.783428 -0.621482 -0.001042 0.001308 -0.000028 0.999999 
-0.621481 -0.783428 0.000791 0.783428 -0.621482 -0.001042 0.001308 -0.000028 0.999999 
-0.621481 -0.783429 0.000791 0.783428 -0.621482 -0.001042 0.001308 -0.000028 0.999999 
-0.621481 -0.783429 0.000791 0.783428 -0.621482 -0.001042 0.001308 -0.000028 0.999999 
-0.621481 -0.783429 0.000791 0.783428 -0.621482 -0.001042 0.001308 -0.000028 0.999999 
-0.621481 -0.783429 0.000791 0.783428 -0.621482 -0.001042 0.001308 -0.000028 0.999999 
-0.621481 -0.783429 0.000791 0.783428 -0.621482 -0.001042 0.001308 -0.000028 0.999999 
-0.621481 -0.783429 0.000791 0.783428 -0.621482 -0.001042 0.001308 -0.000028 0.999999 
-0.621481 -0.783429 0.000791 0.783428 -0.621482 -0.001042 0.001308 -0.000028 0.999999 
-0.621481 -0.783429 0.000791 0.783428 -0.621482 -0.001042 0.001308 -0.000028 0.999999 
-0.621481 -0.783429 0.000791 0.783428 -0.621482 -0.001042 0.001308 -0.000028 0.999999 
-0.621481 -0.783429 0.000791 0.783428 -0.621482 -0.001042 0.001308 -0.000028 0.999999 
-0.621481 -0.783429 0.000791 0.783428 -0.621482 -0.001042 0.001308 -0.000028 0.999999 
-0.621481 -0.783429 0.000791 0.783428 -0.621482 -0.001042 0.001308 -0.000028 0.999999 
-0.621481 -0.783429 0.000791 0.783428 -0.621482 -0.001042 0.001308 -0.000028 0.999999 
-0.621481 -0.783429 0.000791 0.783428 -0.621482 -0.001042 0.001308 -0.000028 0.999999 
-0.621481 -0.783429 0.000791 0.783428 -0.621482 -0.001042 0.001308 -0.000028 0.999999 
-0.621481 -0.783429 0.000791 0.783428 -0.621482 -0.001042 0.001308 -0.000028 0.999999 
-0.621481 -0.783429 0.000791 0.783428 -0.621482 -0.001042 0.001308 -0.000028 0.999999 
-0.621481 -0.783429 0.000791 0.783428 -0.621482 -0.001042 0.001308 -0.000028 0.999999 
-0.621481 -0.783429 0.000791 0.783428 -0.621482 -0.001042 0.001308 -0.000028 0.999999 
-0.621481 -0.783429 0.000791 0.783428 -0.621482 -0.001042 0.001308 -0.000028 0.999999 
-0.621481 -0.783429 0.000791 0.783428 -0.621481 -0.001042 0.001308 -0.000028 0.999999 
-0.621481 -0.783429 0.000791 0.783428 -0.621481 -0.001042 0.001308 -0.000028 0.999999 
-0.621481 -0.783429 0.000791 0.783428 -0.621481 -0.001042 0.001308 -0.000028 0.999999 
-0.621481 -0.783429 0.000791 0.783428 -0.621481 -0.001042 0.001308 -0.000028 0.999999 
-0.621481 -0.783429 0.000791 0.783428 -0.621481 -0.001042 0.001308 -0.000028 0.999999 
-0.621481 -0.783429 0.000791 0.783428 -0.621481 -0.001042 0.001308 -0.000028 0.999999 
-0.621481 -0.783429 0.000791 0.783428 -0.621481 -0.001042 0.001308 -0.000028 0.999999 
-0.621481 -0.783429 0.000791 0.783428 -0.621481 -0.001042 0.001308 -0.000028 0.999999 
-0.621481 -0.783429 0.000791 0.783428 -0.621481 -0.001042 0.001308 -0.000028 0.999999 
-0.621481 -0.783429 0.000791 0.783428 -0.621481 -0.001042 0.001308 -0.000028 0.999999 
-0.621481 -0.783429 0.000791 0.783428 -0.621481 -0.001042 0.001308 -0.000028 0.999999 
-0.621481 -0.783429 0.000791 0.783428 -0.621481 -0.001042 0.001308 -0.000028 0.999999 
-0.621481 -0.783429 0.000791 0.783428 -0.621481 -0.001042 0.001308 -0.000028 0.999999 
-0.621481 -0.783429 0.000791 0.783428 -0.621481 -0.001042 0.001308 -0.000028 0.999999 
-0.621481 -0.783429 0.000791 0.783428 -0.621481 -0.001042 0.001308 -0.000028 0.999999 
-0.621481 -0.783429 0.000791 0.783428 -0.621481 -0.001042 0.001308 -0.000028 0.999999 
-0.621481 -0.783429 0.000791 0.783428 -0.621481 -0.001042 0.001308 -0.000028 0.999999 
-0.621481 -0.783429 0.000791 0.783428 -0.621481 -0.001042 0.001308 -0.000028 0.999999 
-0.621481 -0.783429 0.000791 0.783428 -0.621481 -0.001042 0.001308 -0.000028 0.999999 
-0.621481 -0.783429 0.000791 0.783428 -0.621481 -0.001042 0.001308 -0.000028 0.999999 
-0.621481 -0.783429 0.000791 0.783428 -0.621481 -0.001042 0.001308 -0.000028 0.999999 
-0.621481 -0.783429 0.000791 0.783429 -0.621481 -0.001042 0.001308 -0.000028 0.999999 
-0.621481 -0.783429 0.000791 0.783429 -0.621481 -0.001042 0.001308 -0.000028 0.999999 
-0.621481 -0.783429 0.000791 0.783429 -0.621481 -0.001042 0.001308 -0.000028 0.999999 
-0.621480 -0.783429 0.000791 0.783429 -0.621481 -0.001042 0.001308 -0.000028 0.999999 
-0.621480 -0.783429 0.000791 0.783429 -0.621481 -0.001042 0.001308 -0.000028 0.999999 
-0.621480 -0.783429 0.000791 0.783429 -0.621481 -0.001042 0.001308 -0.000028 0.999999 
-0.621480 -0.783429 0.000791 0.783429 -0.621481 -0.001042 0.001308 -0.000028 0.999999 
-0.621480 -0.783429 0.000791 0.783429 -0.621481 -0.001042 0.001308 -0.000028 0.999999 
-0.621480 -0.783429 0.000791 0.783429 -0.621481 -0.001042 0.001308 -0.000028 0.999999 
-0.621480 -0.783429 0.000791 0.783429 -0.621481 -0.001042 0.001308 -0.000028 0.999999 
-0.621480 -0.783429 0.000791 0.783429 -0.621481 -0.001042 0.001308 -0.000028 0.999999 
-0.621480 -0.783429 0.000791 0.783429 -0.621481 -0.001042 0.001308 -0.000028 0.999999 
-0.621480 -0.783429 0.000791 0.783429 -0.621481 -0.001042 0.001308 -0.000028 0.999999 
-0.621480 -0.783429 0.000791 0.783429 -0.621481 -0.001042 0.001308 -0.000028 0.999999 
-0.621480 -0.783429 0.000791 0.783429 -0.621481 -0.001042 0.001308 -0.000028 0.999999 
-0.621480 -0.783429 0.000791 0.783429 -0.621481 -0.001042 0.001308 -0.000028 0.999999 
-0.621480 -0.783429 0.000791 0.783429 -0.621481 -0.001042 0.001308 -0.000028 0.999999 
-0.621480 -0.783429 0.000791 0.783429 -0.621481 -0.001042 0.001308 -0.000028 0.999999 
-0.621480 -0.783430 0.000791 0.783429 -0.621481 -0.001042 0.001308 -0.000028 0.999999 
-0.621480 -0.783430 0.000791 0.783429 -0.621481 -0.001042 0.001308 -0.000028 0.999999 
-0.621480 -0.783430 0.000791 0.783429 -0.621481 -0.001042 0.001308 -0.000028 0.999999 
-0.621480 -0.783430 0.000791 0.783429 -0.621481 -0.001042 0.001308 -0.000028 0.999999 
-0.621480 -0.783430 0.000791 0.783429 -0.621481 -0.001042 0.001308 -0.000028 0.999999 
-0.621480 -0.783430 0.000791 0.783429 -0.621481 -0.001042 0.001308 -0.000028 0.999999 
-0.621480 -0.783430 0.000791 0.783429 -0.621481 -0.001042 0.001308 -0.000028 0.999999 
-0.621480 -0.783430 0.000791 0.783429 -0.621481 -0.001042 0.001308 -0.000028 0.999999 
-0.621480 -0.783430 0.000791 0.783429 -0.621480 -0.001042 0.001308 -0.000028 0.999999 
-0.621480 -0.783430 0.000791 0.783429 -0.621480 -0.001042 0.001308 -0.000028 0.999999 
-0.621480 -0.783430 0.000791 0.783429 -0.621480 -0.001042 0.001308 -0.000028 0.999999 
-0.621480 -0.783430 0.000791 0.783429 -0.621480 -0.001042 0.001308 -0.000028 0.999999 
-0.621480 -0.783430 0.000791 0.783429 -0.621480 -0.001042 0.001308 -0.000028 0.999999 
-0.621480 -0.783430 0.000791 0.783429 -0.621480 -0.001042 0.001308 -0.000028 0.999999 
-0.621480 -0.783430 0.000791 0.783429 -0.621480 -0.001042 0.001308 -0.000028 0.999999 
-0.621480 -0.783430 0.000791 0.783429 -0.621480 -0.001042 0.001308 -0.000028 0.999999 
-0.621480 -0.783430 0.000791 0.783429 -0.621480 -0.001042 0.001308 -0.000028 0.999999 
-0.621480 -0.783430 0.000791 0.783429 -0.621480 -0.001042 0.001308 -0.000028 0.999999 
-0.621480 -0.783430 0.000791 0.783429 -0.621480 -0.001042 0.001308 -0.000028 0.999999 
-0.621480 -0.783430 0.000791 0.783429 -0.621480 -0.001042 0.001308 -0.000028 0.999999 
-0.621480 -0.783430 0.000791 0.783429 -0.621480 -0.001042 0.001308 -0.000028 0.999999 
-0.621480 -0.783430 0.000791 0.783429 -0.621480 -0.001042 0.001308 -0.000028 0.999999 
-0.621480 -0.783430 0.000791 0.783429 -0.621480 -0.001042 0.001308 -0.000028 0.999999 
-0.621480 -0.783430 0.000791 0.783429 -0.621480 -0.001042 0.001308 -0.000028 0.999999 
-0.621480 -0.783430 0.000791 0.783429 -0.621480 -0.001042 0.001308 -0.000028 0.999999 
-0.621480 -0.783430 0.000791 0.783429 -0.621480 -0.001042 0.001308 -0.000028 0.999999 
-0.621480 -0.783430 0.000791 0.783429 -0.621480 -0.001042 0.001308 -0.000028 0.999999 
-0.621480 -0.783430 0.000791 0.783429 -0.621480 -0.001042 0.001308 -0.000028 0.999999 
-0.621480 -0.783430 0.000791 0.783429 -0.621480 -0.001042 0.001308 -0.000028 0.999999 
-0.621480 -0.783430 0.000791 0.783429 -0.621480 -0.001042 0.001308 -0.000028 0.999999 
-0.621480 -0.783430 0.000791 0.783429 -0.621480 -0.001042 0.001308 -0.000028 0.999999 
-0.621480 -0.783430 0.000791 0.783429 -0.621480 -0.001042 0.001308 -0.000028 0.999999 
-0.621479 -0.783430 0.000791 0.783429 -0.621480 -0.001042 0.001308 -0.000028 0.999999 
-0.621479 -0.783430 0.000791 0.783429 -0.621480 -0.001042 0.001308 -0.000028 0.999999 
-0.621479 -0.783430 0.000791 0.783429 -0.621480 -0.001042 0.001308 -0.000028 0.999999 
-0.621479 -0.783430 0.000791 0.783429 -0.621480 -0.001042 0.001308 -0.000028 0.999999 
-0.621479 -0.783430 0.000791 0.783429 -0.621480 -0.001042 0.001308 -0.000028 0.999999 
-0.621479 -0.783430 0.000791 0.783429 -0.621480 -0.001042 0.001308 -0.000028 0.999999 
-0.621479 -0.783430 0.000791 0.783429 -0.621480 -0.001042 0.001308 -0.000028 0.999999 
-0.621479 -0.783430 0.000791 0.783429 -0.621480 -0.001042 0.001308 -0.000028 0.999999 
-0.621479 -0.783430 0.000791 0.783429 -0.621480 -0.001042 0.001308 -0.000028 0.999999 
-0.621479 -0.783430 0.000791 0.783429 -0.621480 -0.001042 0.001308 -0.000028 0.999999 
-0.621479 -0.783430 0.000791 0.783430 -0.621480 -0.001042 0.001308 -0.000028 0.999999 
-0.621479 -0.783430 0.000791 0.783430 -0.621480 -0.001042 0.001308 -0.000028 0.999999 
-0.621479 -0.783430 0.000791 0.783430 -0.621480 -0.001042 0.001308 -0.000028 0.999999 
-0.621479 -0.783430 0.000791 0.783430 -0.621480 -0.001042 0.001308 -0.000028 0.999999 
-0.621479 -0.783430 0.000791 0.783430 -0.621480 -0.001042 0.001308 -0.000028 0.999999 
-0.621479 -0.783430 0.000791 0.783430 -0.621480 -0.001042 0.001308 -0.000028 0.999999 
-0.621479 -0.783430 0.000791 0.783430 -0.621480 -0.001042 0.001308 -0.000028 0.999999 
-0.621479 -0.783430 0.000791 0.783430 -0.621480 -0.001042 0.001308 -0.000028 0.999999 
-0.621479 -0.783430 0.000791 0.783430 -0.621480 -0.001042 0.001308 -0.000028 0.999999 
-0.621479 -0.783430 0.000791 0.783430 -0.621480 -0.001042 0.001308 -0.000028 0.999999 
-0.621479 -0.783430 0.000791 0.783430 -0.621480 -0.001042 0.001308 -0.000028 0.999999 
-0.621479 -0.783430 0.000791 0.783430 -0.621480 -0.001042 0.001308 -0.000028 0.999999 
-0.621479 -0.783430 0.000791 0.783430 -0.621480 -0.001042 0.001308 -0.000028 0.999999 
-0.621479 -0.783430 0.000791 0.783430 -0.621479 -0.001042 0.001308 -0.000028 0.999999 
-0.621479 -0.783430 0.000791 0.783430 -0.621479 -0.001042 0.001308 -0.000028 0.999999 
-0.621479 -0.783430 0.000791 0.783430 -0.621479 -0.001042 0.001308 -0.000028 0.999999 
-0.621479 -0.783430 0.000791 0.783430 -0.621479 -0.001042 0.001308 -0.000028 0.999999 
-0.621479 -0.783430 0.000791 0.783430 -0.621479 -0.001042 0.001308 -0.000028 0.999999 
-0.621479 -0.783431 0.000791 0.783430 -0.621479 -0.001042 0.001308 -0.000028 0.999999 
-0.621479 -0.783431 0.000791 0.783430 -0.621479 -0.001042 0.001308 -0.000028 0.999999 
-0.621479 -0.783431 0.000791 0.783430 -0.621479 -0.001042 0.001308 -0.000028 0.999999 
-0.621479 -0.783431 0.000791 0.783430 -0.621479 -0.001042 0.001308 -0.000028 0.999999 
-0.621479 -0.783431 0.000791 0.783430 -0.621479 -0.001042 0.001308 -0.000028 0.999999 
-0.621479 -0.783431 0.000791 0.783430 -0.621479 -0.001042 0.001308 -0.000028 0.999999 
-0.621479 -0.783431 0.000791 0.783430 -0.621479 -0.001042 0.001308 -0.000028 0.999999 
-0.621479 -0.783431 0.000791 0.783430 -0.621479 -0.001042 0.001308 -0.000028 0.999999 
-0.621479 -0.783431 0.000791 0.783430 -0.621479 -0.001042 0.001308 -0.000028 0.999999 
-0.621479 -0.783431 0.000791 0.783430 -0.621479 -0.001042 0.001308 -0.000028 0.999999 
-0.621479 -0.783431 0.000791 0.783430 -0.621479 -0.001042 0.001308 -0.000028 0.999999 
-0.621479 -0.783431 0.000791 0.783430 -0.621479 -0.001042 0.001308 -0.000028 0.999999 
-0.621479 -0.783431 0.000791 0.783430 -0.621479 -0.001042 0.001308 -0.000028 0.999999 
-0.621479 -0.783431 0.000791 0.783430 -0.621479 -0.001042 0.001308 -0.000028 0.999999 
-0.621479 -0.783431 0.000791 0.783430 -0.621479 -0.001042 0.001308 -0.000028 0.999999 
-0.621479 -0.783431 0.000791 0.783430 -0.621479 -0.001042 0.001308 -0.000028 0.999999 
-0.621479 -0.783431 0.000791 0.783430 -0.621479 -0.001042 0.001308 -0.000028 0.999999 
-0.621479 -0.783431 0.000791 0.783430 -0.621479 -0.001042 0.001308 -0.000028 0.999999 
-0.621479 -0.783431 0.000791 0.783430 -0.621479 -0.001042 0.001308 -0.000028 0.999999 
-0.621478 -0.783431 0.000791 0.783430 -0.621479 -0.001042 0.001308 -0.000028 0.999999 
-0.621478 -0.783431 0.000791 0.783430 -0.621479 -0.001042 0.001308 -0.000028 0.999999 
-0.621478 -0.783431 0.000791 0.783430 -0.621479 -0.001042 0.001308 -0.000028 0.999999 
-0.621478 -0.783431 0.000791 0.783430 -0.621479 -0.001042 0.001308 -0.000028 0.999999 
-0.621478 -0.783431 0.000791 0.783430 -0.621479 -0.001042 0.001308 -0.000028 0.999999 
-0.621478 -0.783431 0.000791 0.783430 -0.621479 -0.001042 0.001308 -0.000028 0.999999 
-0.621478 -0.783431 0.000791 0.783430 -0.621479 -0.001042 0.001308 -0.000028 0.999999 
-0.621478 -0.783431 0.000791 0.783430 -0.621479 -0.001042 0.001308 -0.000028 0.999999 
-0.621478 -0.783431 0.000791 0.783430 -0.621479 -0.001042 0.001308 -0.000028 0.999999 
-0.621478 -0.783431 0.000791 0.783430 -0.621479 -0.001042 0.001308 -0.000028 0.999999 
-0.621478 -0.783431 0.000791 0.783430 -0.621479 -0.001042 0.001308 -0.000028 0.999999 
-0.621478 -0.783431 0.000791 0.783430 -0.621479 -0.001042 0.001308 -0.000028 0.999999 
-0.621478 -0.783431 0.000791 0.783430 -0.621479 -0.001042 0.001308 -0.000028 0.999999 
-0.621478 -0.783431 0.000791 0.783430 -0.621479 -0.001042 0.001308 -0.000028 0.999999 
-0.621478 -0.783431 0.000791 0.783430 -0.621479 -0.001042 0.001308 -0.000028 0.999999 
-0.621478 -0.783431 0.000791 0.783430 -0.621479 -0.001042 0.001308 -0.000028 0.999999 
-0.621478 -0.783431 0.000791 0.783430 -0.621479 -0.001042 0.001308 -0.000028 0.999999 
-0.621478 -0.783431 0.000791 0.783430 -0.621479 -0.001042 0.001308 -0.000028 0.999999 
-0.621478 -0.783431 0.000791 0.783430 -0.621479 -0.001042 0.001308 -0.000028 0.999999 
-0.621478 -0.783431 0.000791 0.783430 -0.621479 -0.001042 0.001308 -0.000028 0.999999 
-0.621478 -0.783431 0.000791 0.783430 -0.621479 -0.001042 0.001308 -0.000028 0.999999 
-0.621478 -0.783431 0.000791 0.783430 -0.621479 -0.001042 0.001308 -0.000028 0.999999 
-0.621478 -0.783431 0.000791 0.783431 -0.621479 -0.001042 0.001308 -0.000028 0.999999 
-0.621478 -0.783431 0.000791 0.783431 -0.621478 -0.001042 0.001308 -0.000028 0.999999 
-0.621478 -0.783431 0.000791 0.783431 -0.621478 -0.001042 0.001308 -0.000028 0.999999 
-0.621478 -0.783431 0.000791 0.783431 -0.621478 -0.001042 0.001308 -0.000028 0.999999 
-0.621478 -0.783431 0.000791 0.783431 -0.621478 -0.001042 0.001308 -0.000028 0.999999 
-0.621478 -0.783431 0.000791 0.783431 -0.621478 -0.001042 0.001308 -0.000028 0.999999 
-0.621478 -0.783431 0.000791 0.783431 -0.621478 -0.001042 0.001308 -0.000028 0.999999 
-0.621478 -0.783431 0.000791 0.783431 -0.621478 -0.001042 0.001308 -0.000028 0.999999 
-0.621478 -0.783431 0.000791 0.783431 -0.621478 -0.001042 0.001308 -0.000028 0.999999 
-0.621478 -0.783431 0.000791 0.783431 -0.621478 -0.001042 0.001308 -0.000028 0.999999 
-0.621478 -0.783431 0.000791 0.783431 -0.621478 -0.001042 0.001308 -0.000028 0.999999 
-0.621478 -0.783431 0.000791 0.783431 -0.621478 -0.001042 0.001308 -0.000028 0.999999 
-0.621478 -0.783431 0.000791 0.783431 -0.621478 -0.001042 0.001308 -0.000028 0.999999 
-0.621478 -0.783431 0.000791 0.783431 -0.621478 -0.001042 0.001308 -0.000028 0.999999 
-0.621478 -0.783431 0.000791 0.783431 -0.621478 -0.001042 0.001308 -0.000028 0.999999 
-0.621478 -0.783431 0.000791 0.783431 -0.621478 -0.001042 0.001308 -0.000028 0.999999 
-0.621478 -0.783431 0.000791 0.783431 -0.621478 -0.001042 0.001308 -0.000028 0.999999 
-0.621478 -0.783431 0.000791 0.783431 -0.621478 -0.001042 0.001308 -0.000028 0.999999 
-0.621478 -0.783432 0.000791 0.783431 -0.621478 -0.001042 0.001308 -0.000028 0.999999 
-0.621478 -0.783432 0.000791 0.783431 -0.621478 -0.001042 0.001308 -0.000028 0.999999 
-0.621478 -0.783432 0.000791 0.783431 -0.621478 -0.001042 0.001308 -0.000028 0.999999 
-0.621478 -0.783432 0.000791 0.783431 -0.621478 -0.001042 0.001308 -0.000028 0.999999 
-0.621478 -0.783432 0.000791 0.783431 -0.621478 -0.001042 0.001308 -0.000028 0.999999 
-0.621478 -0.783432 0.000791 0.783431 -0.621478 -0.001042 0.001308 -0.000028 0.999999 
-0.621478 -0.783432 0.000791 0.783431 -0.621478 -0.001042 0.001308 -0.000028 0.999999 
-0.621477 -0.783432 0.000791 0.783431 -0.621478 -0.001042 0.001308 -0.000028 0.999999 
-0.621477 -0.783432 0.000791 0.783431 -0.621478 -0.001042 0.001308 -0.000028 0.999999 
-0.621477 -0.783432 0.000791 0.783431 -0.621478 -0.001042 0.001308 -0.000028 0.999999 
-0.621477 -0.783432 0.000791 0.783431 -0.621478 -0.001042 0.001308 -0.000028 0.999999 
-0.621477 -0.783432 0.000791 0.783431 -0.621478 -0.001042 0.001308 -0.000028 0.999999 
-0.621477 -0.783432 0.000791 0.783431 -0.621478 -0.001042 0.001308 -0.000028 0.999999 
-0.621477 -0.783432 0.000791 0.783431 -0.621478 -0.001042 0.001308 -0.000028 0.999999 
-0.621477 -0.783432 0.000791 0.783431 -0.621478 -0.001042 0.001308 -0.000028 0.999999 
-0.621477 -0.783432 0.000791 0.783431 -0.621478 -0.001042 0.001308 -0.000028 0.999999 
-0.621477 -0.783432 0.000791 0.783431 -0.621478 -0.001042 0.001308 -0.000028 0.999999 
-0.621477 -0.783432 0.000791 0.783431 -0.621478 -0.001042 0.001308 -0.000028 0.999999 
-0.621477 -0.783432 0.000791 0.783431 -0.621478 -0.001042 0.001308 -0.000028 0.999999 
-0.621477 -0.783432 0.000791 0.783431 -0.621478 -0.001042 0.001308 -0.000028 0.999999 
-0.621477 -0.783432 0.000791 0.783431 -0.621478 -0.001042 0.001308 -0.000028 0.999999 
-0.621477 -0.783432 0.000791 0.783431 -0.621478 -0.001042 0.001308 -0.000028 0.999999 
-0.621477 -0.783432 0.000791 0.783431 -0.621478 -0.001042 0.001308 -0.000028 0.999999 
-0.621477 -0.783432 0.000791 0.783431 -0.621478 -0.001042 0.001308 -0.000028 0.999999 
-0.621477 -0.783432 0.000791 0.783431 -0.621478 -0.001042 0.001308 -0.000028 0.999999 
-0.621477 -0.783432 0.000791 0.783431 -0.621478 -0.001042 0.001308 -0.000028 0.999999 
-0.621477 -0.783432 0.000791 0.783431 -0.621478 -0.001042 0.001308 -0.000028 0.999999 
-0.621477 -0.783432 0.000791 0.783431 -0.621478 -0.001042 0.001308 -0.000028 0.999999 
-0.621477 -0.783432 0.000791 0.783431 -0.621478 -0.001042 0.001308 -0.000028 0.999999 
-0.621477 -0.783432 0.000791 0.783431 -0.621478 -0.001042 0.001308 -0.000028 0.999999 
-0.621477 -0.783432 0.000791 0.783431 -0.621477 -0.001042 0.001308 -0.000028 0.999999 
-0.621477 -0.783432 0.000791 0.783431 -0.621477 -0.001042 0.001308 -0.000028 0.999999 
-0.621477 -0.783432 0.000791 0.783431 -0.621477 -0.001042 0.001308 -0.000028 0.999999 
-0.621477 -0.783432 0.000791 0.783431 -0.621477 -0.001042 0.001308 -0.000028 0.999999 
-0.621477 -0.783432 0.000791 0.783431 -0.621477 -0.001042 0.001308 -0.000028 0.999999 
-0.621477 -0.783432 0.000791 0.783431 -0.621477 -0.001042 0.001308 -0.000028 0.999999 
-0.621477 -0.783432 0.000791 0.783431 -0.621477 -0.001042 0.001308 -0.000028 0.999999 
-0.621477 -0.783432 0.000791 0.783431 -0.621477 -0.001042 0.001308 -0.000028 0.999999 
-0.621477 -0.783432 0.000791 0.783431 -0.621477 -0.001042 0.001308 -0.000028 0.999999 
-0.621477 -0.783432 0.000791 0.783431 -0.621477 -0.001042 0.001308 -0.000028 0.999999 
-0.621477 -0.783432 0.000791 0.783431 -0.621477 -0.001042 0.001308 -0.000028 0.999999 
-0.621477 -0.783432 0.000791 0.783432 -0.621477 -0.001042 0.001308 -0.000028 0.999999 
-0.621477 -0.783432 0.000791 0.783432 -0.621477 -0.001042 0.001308 -0.000028 0.999999 
-0.621477 -0.783432 0.000791 0.783432 -0.621477 -0.001042 0.001308 -0.000028 0.999999 
-0.621477 -0.783432 0.000791 0.783432 -0.621477 -0.001042 0.001308 -0.000028 0.999999 
-0.621477 -0.783432 0.000791 0.783432 -0.621477 -0.001042 0.001308 -0.000028 0.999999 
-0.621477 -0.783432 0.000791 0.783432 -0.621477 -0.001042 0.001308 -0.000028 0.999999 
-0.621477 -0.783432 0.000791 0.783432 -0.621477 -0.001042 0.001308 -0.000028 0.999999 
-0.621477 -0.783432 0.000791 0.783432 -0.621477 -0.001042 0.001308 -0.000028 0.999999 
-0.621477 -0.783432 0.000791 0.783432 -0.621477 -0.001042 0.001308 -0.000028 0.999999 
-0.621477 -0.783432 0.000791 0.783432 -0.621477 -0.001042 0.001308 -0.000028 0.999999 
-0.621477 -0.783432 0.000791 0.783432 -0.621477 -0.001042 0.001308 -0.000028 0.999999 
-0.621477 -0.783432 0.000791 0.783432 -0.621477 -0.001042 0.001308 -0.000028 0.999999 
-0.621477 -0.783432 0.000791 0.783432 -0.621477 -0.001042 0.001308 -0.000028 0.999999 
-0.621476 -0.783432 0.000791 0.783432 -0.621477 -0.001042 0.001308 -0.000028 0.999999 
-0.621476 -0.783432 0.000791 0.783432 -0.621477 -0.001042 0.001308 -0.000028 0.999999 
-0.621476 -0.783432 0.000791 0.783432 -0.621477 -0.001042 0.001308 -0.000028 0.999999 
-0.621476 -0.783432 0.000791 0.783432 -0.621477 -0.001042 0.001308 -0.000028 0.999999 
-0.621476 -0.783432 0.000791 0.783432 -0.621477 -0.001042 0.001308 -0.000028 0.999999 
-0.621476 -0.783433 0.000791 0.783432 -0.621477 -0.001042 0.001308 -0.000028 0.999999 
-0.621476 -0.783433 0.000791 0.783432 -0.621477 -0.001042 0.001308 -0.000028 0.999999 
-0.621476 -0.783433 0.000791 0.783432 -0.621477 -0.001042 0.001308 -0.000028 0.999999 
-0.621476 -0.783433 0.000791 0.783432 -0.621477 -0.001042 0.001308 -0.000028 0.999999 
-0.621476 -0.783433 0.000791 0.783432 -0.621477 -0.001042 0.001308 -0.000028 0.999999 
-0.621476 -0.783433 0.000791 0.783432 -0.621477 -0.001042 0.001308 -0.000028 0.999999 
-0.621476 -0.783433 0.000791 0.783432 -0.621477 -0.001042 0.001308 -0.000028 0.999999 
-0.621476 -0.783433 0.000791 0.783432 -0.621477 -0.001042 0.001308 -0.000028 0.999999 
-0.621476 -0.783433 0.000791 0.783432 -0.621477 -0.001042 0.001308 -0.000028 0.999999 
-0.621476 -0.783433 0.000791 0.783432 -0.621477 -0.001042 0.001308 -0.000028 0.999999 
-0.621476 -0.783433 0.000791 0.783432 -0.621477 -0.001042 0.001308 -0.000028 0.999999 
-0.621476 -0.783433 0.000791 0.783432 -0.621477 -0.001042 0.001308 -0.000028 0.999999 
-0.621476 -0.783433 0.000791 0.783432 -0.621477 -0.001042 0.001308 -0.000028 0.999999 
-0.621476 -0.783433 0.000791 0.783432 -0.621477 -0.001042 0.001308 -0.000028 0.999999 
-0.621476 -0.783433 0.000791 0.783432 -0.621477 -0.001042 0.001308 -0.000028 0.999999 
-0.621476 -0.783433 0.000791 0.783432 -0.621477 -0.001042 0.001308 -0.000028 0.999999 
-0.621476 -0.783433 0.000791 0.783432 -0.621477 -0.001042 0.001308 -0.000028 0.999999 
-0.621476 -0.783433 0.000791 0.783432 -0.621477 -0.001042 0.001308 -0.000028 0.999999 
-0.621476 -0.783433 0.000791 0.783432 -0.621477 -0.001042 0.001308 -0.000028 0.999999 
-0.621476 -0.783433 0.000791 0.783432 -0.621476 -0.001042 0.001308 -0.000028 0.999999 
-0.621476 -0.783433 0.000791 0.783432 -0.621476 -0.001042 0.001308 -0.000028 0.999999 
-0.621476 -0.783433 0.000791 0.783432 -0.621476 -0.001042 0.001308 -0.000028 0.999999 
-0.621476 -0.783433 0.000791 0.783432 -0.621476 -0.001042 0.001308 -0.000028 0.999999 
-0.621476 -0.783433 0.000791 0.783432 -0.621476 -0.001042 0.001308 -0.000028 0.999999 
-0.621476 -0.783433 0.000791 0.783432 -0.621476 -0.001042 0.001308 -0.000028 0.999999 
-0.621476 -0.783433 0.000791 0.783432 -0.621476 -0.001042 0.001308 -0.000028 0.999999 
-0.621476 -0.783433 0.000791 0.783432 -0.621476 -0.001042 0.001308 -0.000028 0.999999 
-0.621476 -0.783433 0.000791 0.783432 -0.621476 -0.001042 0.001308 -0.000028 0.999999 
-0.621476 -0.783433 0.000791 0.783432 -0.621476 -0.001042 0.001308 -0.000028 0.999999 
-0.621476 -0.783433 0.000791 0.783432 -0.621476 -0.001042 0.001308 -0.000028 0.999999 
-0.621476 -0.783433 0.000791 0.783432 -0.621476 -0.001042 0.001308 -0.000028 0.999999 
-0.621476 -0.783433 0.000791 0.783432 -0.621476 -0.001042 0.001308 -0.000028 0.999999 
-0.621476 -0.783433 0.000791 0.783432 -0.621476 -0.001042 0.001308 -0.000028 0.999999 
-0.621476 -0.783433 0.000791 0.783432 -0.621476 -0.001042 0.001308 -0.000028 0.999999 
-0.621476 -0.783433 0.000791 0.783432 -0.621476 -0.001042 0.001308 -0.000028 0.999999 
-0.621476 -0.783433 0.000791 0.783432 -0.621476 -0.001042 0.001308 -0.000028 0.999999 
-0.621476 -0.783433 0.000791 0.783432 -0.621476 -0.001042 0.001308 -0.000028 0.999999 
-0.621476 -0.783433 0.000791 0.783432 -0.621476 -0.001042 0.001308 -0.000028 0.999999 
-0.621476 -0.783433 0.000791 0.783432 -0.621476 -0.001042 0.001308 -0.000028 0.999999 
-0.621476 -0.783433 0.000791 0.783432 -0.621476 -0.001042 0.001308 -0.000028 0.999999 
-0.621476 -0.783433 0.000791 0.783432 -0.621476 -0.001042 0.001308 -0.000028 0.999999 
-0.621476 -0.783433 0.000791 0.783432 -0.621476 -0.001042 0.001308 -0.000028 0.999999 
-0.621475 -0.783433 0.000791 0.783433 -0.621476 -0.001042 0.001308 -0.000028 0.999999 
-0.621475 -0.783433 0.000791 0.783433 -0.621476 -0.001042 0.001308 -0.000028 0.999999 
-0.621475 -0.783433 0.000791 0.783433 -0.621476 -0.001042 0.001308 -0.000028 0.999999 
-0.621475 -0.783433 0.000791 0.783433 -0.621476 -0.001042 0.001308 -0.000028 0.999999 
-0.621475 -0.783433 0.000791 0.783433 -0.621476 -0.001042 0.001308 -0.000028 0.999999 
-0.621475 -0.783433 0.000791 0.783433 -0.621476 -0.001042 0.001308 -0.000028 0.999999 
-0.621475 -0.783433 0.000791 0.783433 -0.621476 -0.001042 0.001308 -0.000028 0.999999 
-0.621475 -0.783433 0.000791 0.783433 -0.621476 -0.001042 0.001308 -0.000028 0.999999 
-0.621475 -0.783433 0.000791 0.783433 -0.621476 -0.001042 0.001308 -0.000028 0.999999 
-0.621475 -0.783433 0.000791 0.783433 -0.621476 -0.001042 0.001308 -0.000028 0.999999 
-0.621475 -0.783433 0.000791 0.783433 -0.621476 -0.001042 0.001308 -0.000028 0.999999 
-0.621475 -0.783433 0.000791 0.783433 -0.621476 -0.001042 0.001308 -0.000028 0.999999 
-0.621475 -0.783433 0.000791 0.783433 -0.621476 -0.001042 0.001308 -0.000028 0.999999 
-0.621475 -0.783433 0.000791 0.783433 -0.621476 -0.001042 0.001308 -0.000028 0.999999 
-0.621475 -0.783433 0.000791 0.783433 -0.621476 -0.001042 0.001308 -0.000028 0.999999 
-0.621475 -0.783433 0.000791 0.783433 -0.621476 -0.001042 0.001308 -0.000028 0.999999 
-0.621475 -0.783433 0.000791 0.783433 -0.621476 -0.001042 0.001308 -0.000028 0.999999 
-0.621475 -0.783433 0.000791 0.783433 -0.621476 -0.001042 0.001308 -0.000028 0.999999 
-0.621475 -0.783434 0.000791 0.783433 -0.621476 -0.001042 0.001308 -0.000028 0.999999 
-0.621475 -0.783434 0.000791 0.783433 -0.621476 -0.001042 0.001308 -0.000028 0.999999 
-0.621475 -0.783434 0.000791 0.783433 -0.621476 -0.001042 0.001308 -0.000028 0.999999 
-0.621475 -0.783434 0.000791 0.783433 -0.621476 -0.001042 0.001308 -0.000028 0.999999 
-0.621475 -0.783434 0.000791 0.783433 -0.621476 -0.001042 0.001308 -0.000028 0.999999 
-0.621475 -0.783434 0.000791 0.783433 -0.621476 -0.001042 0.001308 -0.000028 0.999999 
-0.621475 -0.783434 0.000791 0.783433 -0.621475 -0.001042 0.001308 -0.000028 0.999999 
-0.621475 -0.783434 0.000791 0.783433 -0.621475 -0.001042 0.001308 -0.000028 0.999999 
-0.621475 -0.783434 0.000791 0.783433 -0.621475 -0.001042 0.001308 -0.000028 0.999999 
-0.621475 -0.783434 0.000791 0.783433 -0.621475 -0.001042 0.001308 -0.000028 0.999999 
-0.621475 -0.783434 0.000791 0.783433 -0.621475 -0.001042 0.001308 -0.000028 0.999999 
-0.621475 -0.783434 0.000791 0.783433 -0.621475 -0.001042 0.001308 -0.000028 0.999999 
-0.621475 -0.783434 0.000791 0.783433 -0.621475 -0.001042 0.001308 -0.000028 0.999999 
-0.621475 -0.783434 0.000791 0.783433 -0.621475 -0.001042 0.001308 -0.000028 0.999999 
-0.621475 -0.783434 0.000791 0.783433 -0.621475 -0.001042 0.001308 -0.000028 0.999999 
-0.621475 -0.783434 0.000791 0.783433 -0.621475 -0.001042 0.001308 -0.000028 0.999999 
-0.621475 -0.783434 0.000791 0.783433 -0.621475 -0.001042 0.001308 -0.000028 0.999999 
-0.621475 -0.783434 0.000791 0.783433 -0.621475 -0.001042 0.001308 -0.000028 0.999999 
-0.621475 -0.783434 0.000791 0.783433 -0.621475 -0.001042 0.001308 -0.000028 0.999999 
-0.621475 -0.783434 0.000791 0.783433 -0.621475 -0.001042 0.001308 -0.000028 0.999999 
-0.621475 -0.783434 0.000791 0.783433 -0.621475 -0.001042 0.001308 -0.000028 0.999999 
-0.621475 -0.783434 0.000791 0.783433 -0.621475 -0.001042 0.001308 -0.000028 0.999999 
-0.621475 -0.783434 0.000791 0.783433 -0.621475 -0.001042 0.001308 -0.000028 0.999999 
-0.621475 -0.783434 0.000791 0.783433 -0.621475 -0.001042 0.001308 -0.000028 0.999999 
-0.621475 -0.783434 0.000791 0.783433 -0.621475 -0.001042 0.001308 -0.000028 0.999999 
-0.621475 -0.783434 0.000791 0.783433 -0.621475 -0.001042 0.001308 -0.000028 0.999999 
-0.621475 -0.783434 0.000791 0.783433 -0.621475 -0.001042 0.001308 -0.000028 0.999999 
-0.621475 -0.783434 0.000791 0.783433 -0.621475 -0.001042 0.001308 -0.000028 0.999999 
-0.621475 -0.783434 0.000791 0.783433 -0.621475 -0.001042 0.001308 -0.000028 0.999999 
-0.621474 -0.783434 0.000791 0.783433 -0.621475 -0.001042 0.001308 -0.000028 0.999999 
-0.621474 -0.783434 0.000791 0.783433 -0.621475 -0.001042 0.001308 -0.000028 0.999999 
-0.621474 -0.783434 0.000791 0.783433 -0.621475 -0.001042 0.001308 -0.000028 0.999999 
-0.621474 -0.783434 0.000791 0.783433 -0.621475 -0.001042 0.001308 -0.000028 0.999999 
-0.621474 -0.783434 0.000791 0.783433 -0.621475 -0.001042 0.001308 -0.000028 0.999999 
-0.621474 -0.783434 0.000791 0.783433 -0.621475 -0.001042 0.001308 -0.000028 0.999999 
-0.621474 -0.783434 0.000791 0.783433 -0.621475 -0.001042 0.001308 -0.000028 0.999999 
-0.621474 -0.783434 0.000791 0.783433 -0.621475 -0.001042 0.001308 -0.000028 0.999999 
-0.621474 -0.783434 0.000791 0.783433 -0.621475 -0.001042 0.001308 -0.000028 0.999999 
-0.621474 -0.783434 0.000791 0.783433 -0.621475 -0.001042 0.001308 -0.000028 0.999999 
-0.621474 -0.783434 0.000791 0.783433 -0.621475 -0.001042 0.001308 -0.000028 0.999999 
-0.621474 -0.783434 0.000791 0.783433 -0.621475 -0.001042 0.001308 -0.000028 0.999999 
-0.621474 -0.783434 0.000791 0.783434 -0.621475 -0.001042 0.001308 -0.000028 0.999999 
-0.621474 -0.783434 0.000791 0.783434 -0.621475 -0.001042 0.001308 -0.000028 0.999999 
-0.621474 -0.783434 0.000791 0.783434 -0.621475 -0.001042 0.001308 -0.000028 0.999999 
-0.621474 -0.783434 0.000791 0.783434 -0.621475 -0.001042 0.001308 -0.000028 0.999999 
-0.621474 -0.783434 0.000791 0.783434 -0.621475 -0.001042 0.001308 -0.000028 0.999999 
-0.621474 -0.783434 0.000791 0.783434 -0.621475 -0.001042 0.001308 -0.000028 0.999999 
-0.621474 -0.783434 0.000791 0.783434 -0.621475 -0.001042 0.001308 -0.000028 0.999999 
-0.621474 -0.783434 0.000791 0.783434 -0.621475 -0.001042 0.001308 -0.000028 0.999999 
-0.621474 -0.783434 0.000791 0.783434 -0.621475 -0.001042 0.001308 -0.000028 0.999999 
-0.621474 -0.783434 0.000791 0.783434 -0.621475 -0.001042 0.001308 -0.000028 0.999999 
-0.621474 -0.783434 0.000791 0.783434 -0.621475 -0.001042 0.001308 -0.000028 0.999999 
-0.621474 -0.783434 0.000791 0.783434 -0.621475 -0.001042 0.001308 -0.000028 0.999999 
-0.621474 -0.783434 0.000791 0.783434 -0.621474 -0.001042 0.001308 -0.000028 0.999999 
-0.621474 -0.783434 0.000791 0.783434 -0.621474 -0.001042 0.001308 -0.000028 0.999999 
-0.621474 -0.783434 0.000791 0.783434 -0.621474 -0.001042 0.001308 -0.000028 0.999999 
-0.621474 -0.783434 0.000791 0.783434 -0.621474 -0.001042 0.001308 -0.000028 0.999999 
-0.621474 -0.783434 0.000791 0.783434 -0.621474 -0.001042 0.001308 -0.000028 0.999999 
-0.621474 -0.783434 0.000791 0.783434 -0.621474 -0.001042 0.001308 -0.000028 0.999999 
-0.621474 -0.783435 0.000791 0.783434 -0.621474 -0.001042 0.001308 -0.000028 0.999999 
-0.621474 -0.783435 0.000791 0.783434 -0.621474 -0.001042 0.001308 -0.000028 0.999999 
-0.621474 -0.783435 0.000791 0.783434 -0.621474 -0.001042 0.001308 -0.000028 0.999999 
-0.621474 -0.783435 0.000791 0.783434 -0.621474 -0.001042 0.001308 -0.000028 0.999999 
-0.621474 -0.783435 0.000791 0.783434 -0.621474 -0.001042 0.001308 -0.000028 0.999999 
-0.621474 -0.783435 0.000791 0.783434 -0.621474 -0.001042 0.001308 -0.000028 0.999999 
-0.621474 -0.783435 0.000791 0.783434 -0.621474 -0.001042 0.001308 -0.000028 0.999999 
-0.621474 -0.783435 0.000791 0.783434 -0.621474 -0.001042 0.001308 -0.000028 0.999999 
-0.621474 -0.783435 0.000791 0.783434 -0.621474 -0.001042 0.001308 -0.000028 0.999999 
-0.621474 -0.783435 0.000791 0.783434 -0.621474 -0.001042 0.001308 -0.000028 0.999999 
-0.621474 -0.783435 0.000791 0.783434 -0.621474 -0.001042 0.001308 -0.000028 0.999999 
-0.621474 -0.783435 0.000791 0.783434 -0.621474 -0.001042 0.001308 -0.000028 0.999999 
-0.621474 -0.783435 0.000791 0.783434 -0.621474 -0.001042 0.001308 -0.000028 0.999999 
-0.621474 -0.783435 0.000791 0.783434 -0.621474 -0.001042 0.001308 -0.000028 0.999999 
-0.621474 -0.783435 0.000791 0.783434 -0.621474 -0.001042 0.001308 -0.000028 0.999999 
-0.621474 -0.783435 0.000791 0.783434 -0.621474 -0.001042 0.001308 -0.000028 0.999999 
-0.621474 -0.783435 0.000791 0.783434 -0.621474 -0.001042 0.001308 -0.000028 0.999999 
-0.621473 -0.783435 0.000791 0.783434 -0.621474 -0.001042 0.001308 -0.000028 0.999999 
-0.621473 -0.783435 0.000791 0.783434 -0.621474 -0.001042 0.001308 -0.000028 0.999999 
-0.621473 -0.783435 0.000791 0.783434 -0.621474 -0.001042 0.001308 -0.000028 0.999999 
-0.621473 -0.783435 0.000791 0.783434 -0.621474 -0.001042 0.001308 -0.000028 0.999999 
-0.621473 -0.783435 0.000791 0.783434 -0.621474 -0.001042 0.001308 -0.000028 0.999999 
-0.621473 -0.783435 0.000791 0.783434 -0.621474 -0.001042 0.001308 -0.000028 0.999999 
-0.621473 -0.783435 0.000791 0.783434 -0.621474 -0.001042 0.001308 -0.000028 0.999999 
-0.621473 -0.783435 0.000791 0.783434 -0.621474 -0.001042 0.001308 -0.000028 0.999999 
