LINE_OFF: 2688.090909090909 pixels
SAMP_OFF: 4095.090909090909 pixels
LAT_OFF: 35.88334681665021 degrees
LONG_OFF: 114.73574228065243 degrees
HEIGHT_OFF: 494.543231733033 meters
LINE_SCALE: 2688.909090909091 pixels
SAMP_SCALE: 4095.909090909091 pixels
LAT_SCALE: 0.08220727575059072 degrees
LONG_SCALE: 0.13128454220672836 degrees
HEIGHT_SCALE: 453.0027144459248 meters
LINE_NUM_COEFF_1:    -0.00036391947811064904
LINE_NUM_COEFF_2:    0.00020260926854126504
LINE_NUM_COEFF_3:    -0.3789729392164931
LINE_NUM_COEFF_4:    1.2800567605131667
LINE_NUM_COEFF_5:    -0.00018701750144600737
LINE_NUM_COEFF_6:    0.0006491218762221251
LINE_NUM_COEFF_7:    0.22834767621543506
LINE_NUM_COEFF_8:    9.705568088103078e-08
LINE_NUM_COEFF_9:    -0.03737461306675982
LINE_NUM_COEFF_10:    -0.33089479160213386
LINE_NUM_COEFF_11:    0.0004066178676112031
LINE_NUM_COEFF_12:    0.00018601938056050926
LINE_NUM_COEFF_13:    -0.000628345883885828
LINE_NUM_COEFF_14:    -6.039628809162423e-05
LINE_NUM_COEFF_15:    -0.873164440698929
LINE_NUM_COEFF_16:    -0.0006779532570817537
LINE_NUM_COEFF_17:    2.925328995762129
LINE_NUM_COEFF_18:    -9.927673730401182e-08
LINE_NUM_COEFF_19:    0.08702736273650657
LINE_NUM_COEFF_20:    -3.2715752330417445
LINE_DEN_COEFF_1:    1.0
LINE_DEN_COEFF_2:    0.0005481160594626999
LINE_DEN_COEFF_3:    0.10164342418499928
LINE_DEN_COEFF_4:    -0.25928203894739
LINE_DEN_COEFF_5:    3.817568114072856e-05
LINE_DEN_COEFF_6:    -0.00012463481175473134
LINE_DEN_COEFF_7:    1.5288739061070373
LINE_DEN_COEFF_8:    -0.0004908813499611142
LINE_DEN_COEFF_9:    -0.22937991928847623
LINE_DEN_COEFF_10:    -2.5559712449604604
LINE_DEN_COEFF_11:    -6.82980745292383e-08
LINE_DEN_COEFF_12:    7.287641332065498e-08
LINE_DEN_COEFF_13:    -1.6389329317301193e-08
LINE_DEN_COEFF_14:    -2.8334829693665853e-07
LINE_DEN_COEFF_15:    0.0017809237539301304
LINE_DEN_COEFF_16:    3.9986637406785874e-07
LINE_DEN_COEFF_17:    0.0010766515843213254
LINE_DEN_COEFF_18:    7.19171666663243e-11
LINE_DEN_COEFF_19:    -0.0006393632003774963
LINE_DEN_COEFF_20:    0.00010669010287694958
SAMP_NUM_COEFF_1:    2.2608594227778445e-05
SAMP_NUM_COEFF_2:    2.967322100108291e-05
SAMP_NUM_COEFF_3:    1.0943318443969694
SAMP_NUM_COEFF_4:    0.1918100171290248
SAMP_NUM_COEFF_5:    -0.0006514122309582149
SAMP_NUM_COEFF_6:    -0.00011862214593882925
SAMP_NUM_COEFF_7:    -0.15160231556216175
SAMP_NUM_COEFF_8:    -5.654871482053958e-06
SAMP_NUM_COEFF_9:    0.038513017132743244
SAMP_NUM_COEFF_10:    -0.02764049964006876
SAMP_NUM_COEFF_11:    -0.0008855946291248529
SAMP_NUM_COEFF_12:    -0.11130396930599318
SAMP_NUM_COEFF_13:    -0.01950844017097353
SAMP_NUM_COEFF_14:    -0.0010277509541083418
SAMP_NUM_COEFF_15:    -0.48364845656237776
SAMP_NUM_COEFF_16:    -0.00013619514356122409
SAMP_NUM_COEFF_17:    -0.4919776538422411
SAMP_NUM_COEFF_18:    -3.0227303039108097e-06
SAMP_NUM_COEFF_19:    -1.4939508449154673
SAMP_NUM_COEFF_20:    -0.07945688331172818
SAMP_DEN_COEFF_1:    1.0
SAMP_DEN_COEFF_2:    -0.0013905057666114828
SAMP_DEN_COEFF_3:    0.03507381954233324
SAMP_DEN_COEFF_4:    -0.14365056850884983
SAMP_DEN_COEFF_5:    -0.0009298870813836402
SAMP_DEN_COEFF_6:    -0.0005313847911452285
SAMP_DEN_COEFF_7:    -0.20261779128361468
SAMP_DEN_COEFF_8:    -0.10170926237142908
SAMP_DEN_COEFF_9:    -1.365176373899999
SAMP_DEN_COEFF_10:    -0.4142168882905821
SAMP_DEN_COEFF_11:    0.00016014585881213295
SAMP_DEN_COEFF_12:    1.4286277632058475e-05
SAMP_DEN_COEFF_13:    -0.00010013129882123495
SAMP_DEN_COEFF_14:    0.0010844366049642673
SAMP_DEN_COEFF_15:    -0.0014343144920264672
SAMP_DEN_COEFF_16:    0.000328513628386623
SAMP_DEN_COEFF_17:    2.506002974644872e-05
SAMP_DEN_COEFF_18:    8.078491423699208e-05
SAMP_DEN_COEFF_19:    0.00019912729024345634
SAMP_DEN_COEFF_20:    -0.0003837747037787609
